fault data:

BUS 1 FAULT
3P
[[0.606, -5.1632], [0.606, -125.1632], [0.606, 114.8368]], 
[[0.9917, -5.1632], [0.9917, -125.1632], [0.9917, 114.8368]]
SLG
[[0.5955, -8.2962], [0.0, 0.0], [0.0, 0.0]],
[[0.9744, -8.2962], [1.056, -119.4291], [0.9639, 122.5676]]
L-L
[[0.0, 0.0], [1.0329, -100.2013], [1.0329, 79.7987]],
[[1.0, 0.0], [1.0554, -127.994], [0.9025, 112.8415]]
DLG
[[0.0, 90.0], [0.5443, -111.1595], [0.5474, 100.7388]],
[[1.0087, 1.5591], [0.9846, -125.068], [0.9939, 114.4346]]

BUS 2 FAULT
3P
[[1.9734, -31.547], [1.9734, -151.547], [1.9734, 88.453]], 
[[0.8073, -31.547], [0.8073, -151.547], [0.8073, 88.453]]
SLG
[[1.8245, -35.7293], [0.0, 0.0], [0.0, 0.0]],
[[0.7464, -35.7293], [1.0979, -121.7609], [0.9858, 125.8905]]
L-L
[[0.0, 0.0], [2.4798, -139.3916], [2.4798, 40.6084]],
[[1.0, 0.0], [0.9446, -159.5437], [0.3496, 109.1931]]
DLG
[[0.0, -45.0], [1.808, -128.498], [1.6379, 66.1298]],
[[1.0109, .3791], [0.9824, -148.6499], [0.6889, 98.9662]]

BUS 3 FAULT
3P
[[1.2788, -43.1946], [1.2788, -163.1946], [1.2788, 76.8054]], 
[[0.5231, -43.1946], [0.5231, -163.1946], [0.5231, 76.8054]] 
SLG
[[1.3626, -42.96], [0.0, -45.0], [0.0, -26.5651]],
[[0.5574, -42.96], [0.965, -116.75886], [0.9728, 116.5273]]
L-L
[[0.0, 0.0], [1.3361, -145.6689], [1.3361, 34.3311]],
[[1.0, 0.0], [0.7419, -168.009], [0.3147, 150.6698]]
DLG
[[0.0, 0.0], [1.2404, -142.2769], [1.0093, 57.991]],
[[0.9819, -0.7274], [0.8005, -163.2153], [0.4536, 108.7981]]

BUS 4 FAULT
3P
[[0.0061, -0.2102], [0.0061, -120.2102], [0.0061, 119.7898]], 
[[0.5231, -43.1946], [0.5231, -163.1946], [0.5231, 76.8054]] 
SLG
[[0.0061, -0.1903], [0.0, 45.0], [0.0, 45.0]],
[[0.5259, -44.3816], [0.9451, -115.6871], [0.971, 114.9564]]
L-L
[[0.0, 0.0], [0.0106, -90.42], [0.0106, 89.58]],
[[1.0, 0.0], [0.719, -169.1716], [0.3234, 155.3121]]
DLG
[[0.0, 0.0], [1.0215, -135.1624], [1.0204, 44.8981]],
[[0.9757, -1.2334], [0.7728, -165.6021], [0.4269, 111.5035]]